WORLD
    MODEL
        # BOTTOM, left
        FACE
        [-1, 0, -1], [0, -1, 0], [1, 0, 0], 1, 0;
        [-1, 0, 1], [0, -1, 0], [1, 0, 0], 1, 0;
        [1, 0, 1], [0, -1, 0], [1, 0, 0], 1, 0;
        # BOTTOM, right
        FACE
        [-1, 0, -1], [0, -1, 0], [1, 0, 0], 1, 0;
        [1, 0, -1], [0, -1, 0], [1, 0, 0], 1, 0;
        [1, 0, 1], [0, -1, 0], [1, 0, 0], 1, 0;
        # FRONT
        FACE
        [-1, 0, 1], [0, 1, 1], [1, 0, 0], 1, 0;
        [0, 1, 0], [0, 1, 1], [1, 0, 0], 1, 0;
        [1, 0, 1], [0, 1, 1], [1, 0, 0], 1, 0;
        # BACK
        FACE
        [-1, 0, -1], [0, 1, -1], [1, 0, 0], 1, 0;
        [0, 1, 0], [0, 1, -1], [1, 0, 0], 1, 0;
        [1, 0, -1], [0, 1, -1], [1, 0, 0], 1, 0;
        # LEFT
        FACE
        [-1, 0, -1], [-1, 1, 0], [1, 0, 0], 1, 0;
        [0, 1, 0], [-1, 1, 0], [1, 0, 0], 1, 0;
        [-1, 0, 1], [-1, 1, 0], [1, 0, 0], 1, 0;
        # RIGHT
        FACE
        [1, 0, 1], [1, 1, 0], [1, 0, 0], 1, 0;
        [0, 1, 0], [1, 1, 0], [1, 0, 0], 1, 0;
        [1, 0, -1], [1, 1, 0], [1, 0, 0], 1, 0;
    END_MODEL
END_WORLD